20
218492221 46085
3 7 1 999969453
28 21
6 5 1 85919
1000000000 100000
999999999 1 999999999 1000000000
840698758 13331
8 7 10 999955808
110 53
7 7 1 64417
1000000000 100000
100000 1 0 1000000000
1000000000 1
12 7 74 12
1000000000 100000
99999 1 99999 100000
198 81
8 5 7 83495
46 18
7 11 9 46
45068754 29153
2 9 5 999904402
164 96
76 2 193 164
220 88
1 8 3 58265
640834505 28785
3 9 1 999946125
249718282 93729
1 5 6 999917908
497151700 96511
9 7 6 999919625
78 51
3 5 5 51230
1000000000 100000
1 1 0 2
112 73
1 5 3 64100
98 59
6 30 524 98
