20
78 51
3 5 5 51230
218492221 46085
3 7 1 999969453
1000000000 100000
1 1 1 1000000000
840698758 13331
8 7 10 999955808
1000000000 100000
100000 1 0 1000000000
45068754 29153
2 9 5 999904402
1000000000 1
12 7 74 12
22 21
1 4 869 22
1000000000 100000
99999 1 99999 100000
198 81
8 5 7 83495
137 49
48 17 461 137
131 74
1 9 10 78736
714311129 39521
9 5 9 999998192
66 39
35 2 589 66
98 59
6 30 524 98
177 73
7 7 5 56401
232959116 56689
4 9 1 999903057
1000000000 100000
999999999 1 999999999 1000000000
693840425 90561
2 6 7 999957328
110 53
7 7 1 64417
